F1:

X1 = [656  656  656  656  656  656  656  656  656  656  656  656  656  656  646  624  605  589  572  557  540  524  508  492  476  461  445  429  413  398  383  368  353  341  330  319  308  297  286  275  265  254  244  233  223  213  202  192  183  173  163  153  143  134  132  138  143  149  154  159  164  169  174  178  183  188  193  198  202  206  210  215  219  223  228  231  235  239  243  246  250  253  257  260  263  267  270  273  276  278  281  284  287  289  291  294  297  299  301  303  305  308  309  311  312  315  316  318  319  320  322  322  324  325  326  326  327  329  329  329  330  330  330  331  331  331  332  332  332  332  332  333
];
Y1 = [152  152  152  152  152  152  152  152  152  152  152  152  152  152  161  177  192  205  219  231  244  257  270  283  295  308  320  333  344  357  369  381  389  381  375  369  363  357  352  346  340  334  329  323  317  313  307  301  296  291  285  280  275  270  266  261  256  252  247  243  239  235  231  227  223  219  215  211  208  205  201  197  194  190  187  184  181  178  174  171  169  166  163  160  157  155  152  149  147  145  143  141  138  136  134  133  130  128  127  125  123  121  120  119  117  116  115  113  112  111  110  109  108  107  106  106  105  104  104  103  103  102  101  101  101  101  101  100  100  100  100  100
];
X2 = [667  667  667  667  667  667  667  667  667  667  667  667  667  667  677  698  716  732  725  716  708  698  682  665  650  634  620  604  590  576  561  546  532  518  504  490  476  468  460  452  444  436  427  419  412  404  396  388  380  374  366  358  351  344  336  329  322  316  308  302  294  288  282  274  268  262  255  248  242  236  230  224  218  212  206  200  194  188  184  179  175  171  167  163  160  156  152  148  144  141  138  134  132  128  129  131  133  134  136  138  139  140  142  144  144  146  146  148  148  149  150  150  151  152  152  152  152  153  153  154  154  154  154  154  154  154  154  154  154  154  154  154
];
Y2 = [100  100  100  100  100  100  100  100  100  100  100  100  100  114  160  193  227  261  295  332  368  386  359  333  312  293  275  256  239  221  203  185  168  150  133  116  100  108  118  127  135  143  151  159  167  175  183  191  198  206  214  221  229  236  243  250  258  265  272  278  285  292  299  305  312  318  325  331  338  344  350  356  362  368  374  379  385  390  387  384  381  378  376  373  370  367  365  362  360  358  355  353  350  348  346  345  342  341  339  337  336  334  332  331  330  328  327  326  325  323  322  321  320  320  319  318  317  317  317  316  316  315  315  315  315  315  315  315  315  315  315  315
];
X3 = [131  131  130  130  130  130  130  130  130  130  130  130  130  130  130  130  131  131  131  131  131  131  131  131  131  131  131  131  131  130  130  130  130  130  130  130  130  130  130  130  130  130  130  130  130  130  130  130  130  131  131  131  131  131  131  131  131  131  131  130  130  130  130  130  130  130  130  130  130  130  130  130  130  130  130  130  130  130  131  131  131  131  131  131  131  131  131  131  131  130  130  130  130  130  130  130  130  130  130  130  130  131  130  131  131  131  131  131  131  131  131  130  131  130  130  130  130  130  130  130  130  130  130  130  130  130  130  130  130  130  130  130
];
Y3 = [321  321  321  321  321  321  321  321  321  321  321  321  321  321  321  321  321  321  321  321  321  321  321  321  321  321  321  321  321  321  321  321  321  321  321  321  321  321  321  321  321  321  321  321  321  321  321  321  321  321  321  321  321  321  321  321  321  321  321  321  321  321  321  321  321  321  321  321  321  321  321  321  321  321  321  321  321  321  321  321  321  321  321  321  321  321  321  321  321  321  321  321  321  321  321  321  321  321  321  321  321  321  321  321  321  321  321  321  321  321  321  321  321  321  321  321  321  321  321  321  321  321  321  321  321  321  321  321  321  321  321  321
];




F2:

X1 = [681  681  681  681  681  681  681  681  681  681  681  681  681  681  681  681  681  681  681  681  681  681  681  681  681  681  681  681  681  681  681  681  681  681  681  681  681  681  681  681  681  681  681  681  681  681  681  681  681  681  681  681  681  681  681  681  681  681  681  681  681  681  681  681  681  681  681  681  681  681  681  681  681  681  681  681  681  681  681  681  681  681  681  681  681  681  681  681  681  681  681  681  681  681  680  680  680  681  680  680  680  680  680  680  678  676  675  673  671  670  668  667  665  665  663  663  662  661  660  659  659  658  657  657  656  656
];
Y1 = [180  180  180  180  180  180  180  180  180  180  180  180  180  180  180  180  180  180  180  180  180  180  180  180  180  180  180  180  180  180  180  180  180  180  180  180  180  180  180  180  180  180  180  180  180  180  180  180  180  180  180  180  180  180  180  180  180  180  180  180  180  180  180  180  180  180  180  180  180  180  180  180  180  180  180  180  180  180  180  180  180  180  180  180  180  180  180  180  179  177  175  173  171  169  168  166  165  163  162  161  159  159  158  157  156  156  155  155  154  154  154  154  153  153  153  153  153  153  153  153  153  153  153  153  153  152
];
X2 = [160  188  231  287  341  390  436  481  528  576  625  677  724  705  664  628  596  568  542  517  492  468  444  420  395  372  348  324  302  278  255  232  209  186  163  140  138  155  169  181  194  206  218  230  243  255  267  280  290  302  314  326  338  349  360  372  382  394  404  414  426  436  446  456  466  476  486  496  506  516  526  536  544  554  564  572  582  592  600  610  618  627  636  644  653  662  670  678  686  696  704  712  720  728  731  726  722  718  713  709  705  700  696  693  691  690  689  688  686  685  684  683  682  680  680  679  678  677  676  675  674  674  672  672  672  670
];
Y2 = [187  256  324  334  346  357  369  382  389  381  375  369  364  347  326  306  288  270  253  235  218  201  183  167  150  133  117  100  108  118  127  137  146  155  164  173  184  198  210  223  235  248  260  272  284  296  308  320  332  344  356  367  379  390  383  376  370  364  357  352  345  339  333  326  321  315  309  303  297  291  286  280  274  269  263  258  253  248  242  236  231  226  221  216  211  206  201  196  192  190  187  185  182  180  177  174  171  169  166  163  160  158  155  153  150  147  145  142  139  137  134  132  130  128  126  124  122  120  118  117  115  114  112  111  110  109
];
X3 = [213  213  210  195  183  172  162  152  150  148  146  144  142  140  137  135  133  134  134  134  134  134  135  135  135  135  135  135  135  135  135  135  135  135  136  136  136  136  136  135  135  135  135  135  135  135  135  135  134  134  134  134  134  134  134  133  133  133  133  133  133  133  132  132  132  132  132  132  131  131  131  131  131  131  131  131  131  131  132  132  132  132  132  132  132  132  132  132  132  132  132  132  132  132  131  642  131  659  131  131  130  130  130  130  130  130  130  131  131  130  130  130  130  131  131  131  131  131  131  131  131  131  131  131  131  131
];
Y3 = [334  334  353  342  273  209  151  100  137  180  217  252  284  316  348  379  374  350  330  313  295  278  261  243  226  209  193  176  160  143  126  110  100  112  121  130  139  148  157  166  175  183  192  200  208  217  225  233  241  249  257  264  272  279  287  294  301  308  316  323  329  336  343  349  356  362  368  374  380  386  390  387  383  380  377  374  371  369  366  363  360  358  356  353  351  349  347  345  343  341  339  337  336  334  333  93  330  93  328  327  326  325  324  324  323  323  322  322  321  321  321  321  321  321  321  321  321  321  321  321  321  321  321  321  321  321
];


F3:

X1 = [286  286  286  286  287  308  330  353  371  386  397  408  419  431  442  453  465  478  489  499  510  523  534  547  558  570  581  593  606  618  631  641  649  657  665  673  681  689  697  705  712  720  728  733  729  725  721  717  714  710  707  704  700  697  694  691  688  685  682  679  677  673  671  668  666  663  661  659  656  654  652  650  648  646  644  642  640  639  637  635  634  632  630  630  628  627  626  625  624  623  622  621  620  620  619  619  618  618  618  618
];
Y1 = [287  287  287  287  287  311  336  362  382  381  365  352  339  327  315  301  288  275  262  250  237  223  211  197  184  170  159  144  130  116  102  99  109  115  121  127  133  139  146  152  158  164  170  175  179  183  187  191  194  198  201  205  208  211  214  218  221  224  227  230  233  235  238  241  244  246  249  251  253  255  258  259  262  264  266  267  269  271  273  274  276  277  278  280  281  282  283  285  286  287  287  288  289  289  290  290  290  291  291  291
];
X2 = [296  296  290  285  279  251  222  191  166  135  144  168  192  216  238  258  278  298  316  334  352  376  396  418  437  460  480  504  526  548  572  594  618  640  664  686  709  732  720  705  692  679  665  652  638  626  613  600  587  575  562  550  538  526  514  502  490  478  467  456  444  432  421  410  399  388  377  366  356  345  334  324  314  304  294  284  273  263  254  244  234  225  218  210  204  196  189  182  175  168  162  154  148  142  139  136  134  132  130  130
];
Y2 = [99  103  152  208  266  302  332  365  388  359  330  303  277  250  225  202  180  157  136  116  99  117  132  145  156  170  181  195  209  222  236  249  263  276  289  303  316  329  344  359  375  390  383  374  366  357  348  340  332  324  315  307  299  292  283  275  268  260  253  245  237  230  223  215  208  201  194  187  180  173  167  160  153  147  140  134  128  121  115  109  103  99  102  105  108  111  113  116  119  122  124  127  129  131  130  129  128  128  128  127
];
X3 = [136  136  136  136  136  136  136  136  136  136  136  136  136  136  136  136  136  136  136  136  136  136  136  136  136  136  136  136  136  136  136  136  136  136  136  136  136  136  136  136  136  136  136  136  136  136  136  136  136  136  136  136  136  136  136  136  136  136  136  136  136  136  136  136  136  136  136  136  136  136  136  136  136  136  136  136  136  136  136  136  136  136  136  136  136  136  136  136  136  136  136  136  136  135  133  132  131  130  129  130
];
Y3 = [142  142  143  142  142  143  143  142  142  143  142  142  143  142  143  142  142  143  142  142  142  142  142  142  142  142  143  142  142  142  142  142  142  142  142  142  142  142  142  142  142  142  142  142  142  142  142  142  142  142  142  142  142  142  142  142  142  142  142  142  142  142  142  142  142  142  142  142  142  142  142  142  142  142  142  142  142  142  142  142  142  142  142  142  142  142  142  142  142  142  142  142  142  143  146  147  149  151  153  153
];



F4:

X1 = [284  284  284  284  284  284  213  131  186  246  301  354  405  451  497  542  587  633  679  725  708  671  639  609  583  558  533  508  483  458  433  409  385  361  337  313  289  265  243  219  196  173  149  129  146  162  175  189  202  215  227  239  252  265  277  288  301  313  325  337  347  359  371  382  393  404  415  426  437  448  458  468  479  489  500  509  519  529  539  549  559  568  577  587  596  605  614  623  632  641  650  658  667  675  684  692  700  708  716  724  731  733  729  724  720  716  712  708  704  701  697
];
Y1 = [354  354  354  354  354  354  346  345  343  341  341  341  341  341  341  341  341  341  341  341  341  341  341  341  341  341  341  341  341  341  341  341  341  341  341  341  341  341  341  341  341  341  341  341  341  341  341  341  341  341  341  341  341  341  341  341  341  341  340  340  340  340  340  340  340  340  340  339  339  339  339  338  338  338  338  338  337  337  337  337  336  336  336  336  336  336  336  336  335  335  335  335  335  335  335  335  335  335  335  335  335  335  335  335  335  335  335  335  335  336  336
];
X2 = [130  130  130  130  130  130  130  130  130  130  130  130  130  130  130  130  130  130  130  130  130  130  130  130  130  130  130  130  130  130  130  130  130  130  130  130  130  130  130  130  130  130  130  130  130  130  130  129  129  129  129  129  129  129  129  130  130  132  132  134  134  135  136  137  137  138  139  140  140  142  141  142  142  143  144  144  144  144  146  146  146  146  146  146  146  146  146  146  146  146  146  146  146  146  146  146  146  146  146  146  146  146  146  145  145  145  145  145  145  145  145
];
Y2 = [262  262  262  262  262  262  262  262  262  262  262  262  262  262  262  262  262  262  262  262  262  262  262  262  262  262  262  262  262  262  262  262  262  262  262  262  262  262  262  262  262  262  262  262  262  262  262  262  262  262  262  262  262  262  262  266  269  273  276  279  282  285  288  290  293  296  298  301  303  305  307  309  311  312  314  316  318  319  320  321  322  323  325  325  326  327  327  328  329  329  329  329  330  330  330  329  329  329  329  329  329  329  329  329  329  329  329  329  329  329  329
];
X3 = [597  597  597  521  404  308  291  287  281  273  264  260  256  250  243  234  223  213  202  196  192  188  184  179  175  171  167  163  158  154  150  147  142  138  134  131  130  130  130  130  130  131  131  131  131  131  132  131  131  132  132  132  132  133  133  134  136  137  139  140  142  143  144  145  146  147  148  149  150  151  152  153  153  153  154  154  155  155  155  155  156  156  156  156  156  156  156  156  156  156  156  156  156  156  156  156  156  156  156  156  156  156  156  156  156  156  156  156  156  156  156
];
Y3 = [121  121  121  181  272  346  381  291  226  165  110  126  169  209  246  280  315  345  378  375  352  332  314  297  280  263  246  230  213  196  180  165  148  132  116  101  107  116  125  134  142  150  158  166  175  182  190  198  205  213  220  228  235  242  249  251  253  254  256  258  259  261  262  263  264  266  267  268  269  270  271  271  272  273  273  274  274  275  275  275  275  275  275  275  275  275  275  275  275  275  275  275  275  275  275  275  275  275  275  275  275  275  275  275  275  275  275  275  275  275  275
];



F5:

X1 = [321  321  321  321  321  321  321  321  321  321  321  321  321  321  321  321  321  321  321  321  321  321  321  321  321  321  321  321  321  321  321  321  321  321  321  321  321  321  321  321  321  321  321  321  321  321  321  321  321  321  321  321  321  321  321  321  321  321  321  321  321  321  321  321  321  321  321  321  321  321  321  321  321  321  321  321  321  321  321  321  321  321  321  321  321  321  321  321  321  321  321  321  321  321  321  321  321  321  321  321  321  321  321  321  321  321  321  321  321  321  321  321  321  321  321  321  321  321  321  321  321  321  321  321  321  321  321  321  321  321  321  321  321  321  321  321  321  321  321  321  321  321  321  321  321  321  321  321  321  321  321  321  321  321  321  321  321  321  321  321
];
Y1 = [102  102  102  102  102  102  102  102  102  102  102  102  102  102  102  102  102  102  102  102  102  102  102  102  102  102  102  102  102  102  102  102  102  102  102  102  102  102  102  102  102  102  102  102  102  102  102  102  102  102  102  102  102  102  102  102  102  102  102  102  102  102  102  102  102  102  102  102  102  102  102  102  102  102  102  102  102  102  102  102  102  102  102  102  102  102  102  102  102  102  102  102  102  102  102  102  102  102  102  102  102  102  102  102  102  102  102  102  102  102  102  102  102  102  102  102  102  102  102  102  102  102  102  102  102  102  102  102  102  102  102  102  102  102  102  102  102  102  102  102  102  102  102  102  102  102  102  102  102  102  102  102  102  102  102  102  102  102  102  102
];
X2 = [444  455  478  488  468  449  432  408  386  363  340  318  296  274  252  230  208  186  164  143  130  148  162  172  182  192  202  213  222  232  242  252  262  272  286  298  312  325  338  350  363  376  388  400  414  426  438  450  462  474  486  498  510  522  533  544  556  568  578  590  601  612  624  634  644  655  666  676  687  697  708  718  728  734  728  723  718  714  709  704  699  694  688  682  676  669  664  658  651  645  640  634  628  623  618  612  607  602  597  592  588  582  578  574  568  564  560  556  552  548  544  540  536  532  528  524  522  518  514  512  508  506  502  500  496  494  491  488  486  483  480  478  476  474  472  470  468  466  464  462  460  460  458  456  455  454  452  452  450  450  448  448  446  446  446  444  444  444  444  444
];
Y2 = [121  174  271  344  358  374  390  379  369  361  353  346  338  330  323  316  308  301  294  287  278  262  247  232  218  203  190  175  162  148  134  120  107  100  109  115  121  128  134  140  146  152  158  164  170  176  181  187  193  199  205  211  216  222  227  233  238  244  250  255  261  266  271  276  282  287  292  298  303  308  313  318  323  329  337  345  353  361  369  376  384  391  390  386  382  378  374  371  367  363  360  357  353  349  346  343  340  336  333  330  327  324  321  317  314  312  309  306  303  301  298  295  293  290  288  286  283  281  279  276  274  272  270  268  266  264  262  261  259  257  255  254  252  251  250  248  246  245  244  242  241  240  239  238  237  235  235  234  233  232  232  231  230  230  229  229  228  228  228  228
];
X3 = [498  498  498  504  541  566  591  614  636  656  670  677  684  692  701  709  718  727  734  731  727  723  719  715  711  706  701  696  691  686  681  676  672  667  662  657  653  648  643  639  635  631  626  622  618  614  609  606  601  598  594  590  586  582  579  575  571  568  564  561  557  554  551  549  547  545  543  541  539  537  535  534  532  530  529  527  526  524  523  522  520  519  517  517  515  514  513  512  511  510  509  508  507  507  506  505  504  504  503  503  502  502  501  501  501  500  500  500  500  500  500  500  500  500  500  500  500  500  500  500  500  500  500  500  500  500  500  500  500  500  500  500  500  500  500  500  500  500  500  500  500  500  500  500  500  500  500  500  500  500  500  500  500  500  500  500  500  500  500  500
];
Y3 = [352  353  353  364  352  299  248  200  156  116  107  138  165  189  210  230  251  272  292  308  325  342  359  376  392  382  372  363  353  344  335  326  317  308  300  291  283  274  266  258  249  241  234  226  218  210  203  195  188  180  173  166  159  152  145  139  132  125  119  112  106  100  98  101  105  108  111  114  117  120  123  126  128  131  133  136  138  140  143  145  147  149  150  152  154  156  157  159  160  161  163  164  165  166  167  168  168  169  170  171  171  172  172  172  173  173  173  173  173  173  173  173  173  173  173  173  173  173  173  173  173  173  173  173  173  173  173  173  173  173  173  173  173  173  173  173  173  173  173  173  173  173  173  173  173  173  173  173  173  173  173  173  173  173  173  173  173  173  173  173
];


F6:

X1 = [321  321  321  321  321  321  291  263  237  214  192  169  147  130  147  161  174  187  199  211  223  235  247  259  271  281  293  304  317  328  337  349  360  371  381  391  402  413  423  433  443  453  463  473  483  491  501  511  520  529  538  547  556  565  575  583  591  600  609  617  625  634  642  651  659  666  674  681  690  697  704  711  718  726  730  730  727  724  720  716  712  709  705  702  699  696  692  690  687  684  682  679  677  674  672  670  668  666  664  661  660  658  656  654
];
Y1 = [102  102  102  102  102  102  107  112  117  121  125  129  133  137  137  139  141  142  143  145  146  148  149  151  152  153  155  157  157  159  160  162  163  165  166  167  169  170  171  173  174  175  176  178  179  180  181  183  184  185  186  187  188  189  190  192  193  194  195  196  197  198  199  200  201  202  203  204  205  206  207  208  209  210  211  212  213  213  213  214  215  215  216  217  217  217  218  219  219  220  220  220  221  221  221  221  221  222  222  222  223  222  222  223
];
X2 = [442  442  442  442  442  442  442  442  442  442  442  442  442  442  442  442  442  442  442  442  442  442  442  442  442  442  442  442  442  442  442  442  442  442  442  442  442  442  442  442  442  442  442  442  442  442  442  442  442  442  442  442  442  442  442  444  450  454  458  462  466  470  474  478  482  484  488  492  495  498  500  504  506  509  512  514  516  518  520  522  524  526  528  530  532  534  534  536  538  540  540  542  543  544  544  546  546  546  546  547  547  547  547  547
];
Y2 = [228  228  228  228  228  228  228  228  228  228  228  228  228  228  228  228  228  228  228  228  228  228  228  228  228  228  228  228  228  228  228  228  228  228  228  228  228  228  228  228  228  228  228  228  228  228  228  228  228  228  228  228  228  228  228  228  228  228  227  227  227  227  227  227  227  227  227  227  227  227  227  226  226  226  226  226  226  226  226  226  226  226  226  226  226  226  226  226  227  226  227  227  227  227  227  227  227  227  227  227  227  227  227  227
];
X3 = [500  500  462  412  374  336  324  312  297  280  262  245  229  214  197  182  166  148  133  134  144  153  161  171  180  188  197  206  215  224  233  243  251  260  269  277  286  295  303  311  319  327  335  343  351  358  366  373  381  389  396  403  410  417  424  428  429  429  430  431  431  432  432  433  434  434  435  435  436  436  437  437  437  438  438  438  439  439  439  439  440  440  441  441  441  442  442  443  443  443  443  444  444  444  445  445  445  445  445  445  445  446  446  446
];
Y3 = [173  173  156  134  117  100  112  128  143  157  171  185  198  210  224  236  249  263  275  288  300  312  324  336  347  359  371  382  389  382  375  368  362  355  349  342  336  330  324  317  311  305  299  294  288  282  276  271  265  260  254  249  243  238  233  228  223  219  215  211  207  203  199  195  191  188  184  181  177  174  171  168  165  162  159  156  154  151  149  147  144  142  140  138  136  134  133  131  129  128  126  125  124  123  122  121  120  119  118  118  117  117  117  116
];











